==================================================
MODEL EVALUATION RESULTS
==================================================

COEFFICIENTS:
[ 1.89317401e-02  1.14531224e+00  4.50916427e-01  1.90887656e-01
  1.08405418e-01  1.24996703e-01  9.73172317e-02 -0.00000000e+00
  1.95319080e-01  3.01549901e-02  3.06284280e-01  0.00000000e+00
  0.00000000e+00  1.90828116e-01  1.26624517e-01  0.00000000e+00
  0.00000000e+00  1.22030581e-01  1.13306997e-02  0.00000000e+00
 -0.00000000e+00  1.93301314e-01  5.27043149e-02  0.00000000e+00
  0.00000000e+00 -4.70029788e-02 -1.56650646e-02  3.48788932e-02
  0.00000000e+00  1.66627477e-01 -6.52287735e-03  0.00000000e+00
  0.00000000e+00 -0.00000000e+00 -6.35977343e-02  7.62675843e-02
  1.84585565e-02 -1.73827663e-01  3.88358916e-02  3.66035934e-02
 -0.00000000e+00 -1.14160904e-01 -2.78560677e-02  0.00000000e+00
  1.19746848e-02  5.25468039e-02  5.25689751e-02 -0.00000000e+00
  0.00000000e+00 -1.21306746e-01 -0.00000000e+00  0.00000000e+00
 -0.00000000e+00  0.00000000e+00 -1.33589252e-02 -0.00000000e+00
  0.00000000e+00  1.38094369e-01  0.00000000e+00 -0.00000000e+00
 -0.00000000e+00  1.00415095e-01  1.28853665e-01 -0.00000000e+00
  4.75976370e-02 -0.00000000e+00  1.48193662e-01  1.22342576e-01
 -0.00000000e+00  0.00000000e+00 -0.00000000e+00  1.34477556e-01
 -0.00000000e+00 -0.00000000e+00  0.00000000e+00  2.71025714e-03
  0.00000000e+00 -1.36664369e-01  0.00000000e+00  5.91548832e-02
  1.77304213e-02  5.87461606e-03 -9.44174739e-02 -0.00000000e+00
 -9.61825282e-02  0.00000000e+00  0.00000000e+00  6.69075543e-03
  0.00000000e+00 -0.00000000e+00 -1.30768411e-04  0.00000000e+00
  0.00000000e+00  0.00000000e+00  0.00000000e+00  0.00000000e+00
 -8.44880223e-02 -0.00000000e+00  6.62971431e-03 -0.00000000e+00
  2.07755757e-02]

AUC-ROC SCORE: 0.7763

BALANCED ACCURACY: 0.6909

ACCURACY: 0.6900

CLASSIFICATION REPORT:
              precision    recall  f1-score   support

           0       0.72      0.66      0.69       155
           1       0.67      0.72      0.69       145

    accuracy                           0.69       300
   macro avg       0.69      0.69      0.69       300
weighted avg       0.69      0.69      0.69       300


CONFUSION MATRIX:
103 52
41 104

==================================================
