==================================================
MODEL EVALUATION RESULTS
==================================================

COEFFICIENTS:
[ 0.01959154  1.11308856  0.43305654  0.18673852  0.10220752  0.11448257
  0.09052901 -0.          0.17956114  0.01912503  0.29325299  0.
  0.          0.17999742  0.11985085  0.          0.          0.10653115
  0.00597157  0.         -0.          0.18251475  0.04127373  0.
  0.         -0.04271285 -0.00178092  0.01865264  0.          0.15956964
 -0.          0.          0.         -0.         -0.05142854  0.06452685
  0.00542197 -0.15560873  0.02654492  0.02845476 -0.         -0.10058167
 -0.01734105  0.          0.00280229  0.03520007  0.0402406  -0.
  0.         -0.10808836 -0.          0.         -0.          0.
 -0.00501487 -0.          0.          0.12452054  0.         -0.
 -0.          0.08774732  0.11334919 -0.          0.03825306 -0.
  0.13816483  0.10993363 -0.          0.         -0.          0.11863669
 -0.         -0.          0.          0.          0.         -0.12656925
  0.          0.04553377  0.00754859  0.         -0.07587178 -0.
 -0.08906992  0.          0.          0.          0.         -0.
 -0.          0.          0.          0.          0.          0.
 -0.07577029 -0.          0.          0.          0.01323743]

AUC-ROC SCORE: 0.7786

BALANCED ACCURACY: 0.6874

ACCURACY: 0.6867

CLASSIFICATION REPORT:
              precision    recall  f1-score   support

           0       0.71      0.66      0.69       155
           1       0.66      0.71      0.69       145

    accuracy                           0.69       300
   macro avg       0.69      0.69      0.69       300
weighted avg       0.69      0.69      0.69       300


CONFUSION MATRIX:
103 52
42 103

==================================================
