==================================================
MODEL EVALUATION RESULTS
==================================================

COEFFICIENTS:
[ 0.01713103  0.80648342  0.27147954  0.09647314  0.          0.
  0.          0.          0.00700906  0.          0.12577345  0.
  0.          0.0484194   0.01008274  0.          0.          0.
  0.          0.         -0.          0.0291757   0.          0.
  0.         -0.         -0.          0.          0.          0.01310082
 -0.          0.          0.         -0.         -0.          0.
  0.         -0.          0.          0.          0.         -0.
 -0.          0.          0.          0.          0.         -0.
  0.         -0.         -0.          0.         -0.          0.
 -0.         -0.          0.          0.          0.         -0.
 -0.          0.          0.          0.          0.          0.
  0.          0.          0.          0.         -0.          0.
 -0.         -0.          0.          0.         -0.         -0.
  0.          0.          0.          0.         -0.         -0.
 -0.         -0.         -0.          0.         -0.         -0.
 -0.          0.          0.          0.          0.         -0.
 -0.         -0.          0.          0.          0.        ]

AUC-ROC SCORE: 0.7811

BALANCED ACCURACY: 0.6902

ACCURACY: 0.6900

CLASSIFICATION REPORT:
              precision    recall  f1-score   support

           0       0.71      0.68      0.70       155
           1       0.67      0.70      0.68       145

    accuracy                           0.69       300
   macro avg       0.69      0.69      0.69       300
weighted avg       0.69      0.69      0.69       300


CONFUSION MATRIX:
106 49
44 101

==================================================
