==================================================
MODEL EVALUATION RESULTS
==================================================

COEFFICIENTS:
[ 8.18067769e-04  1.58226896e+00  6.98496544e-01  2.24491505e-01
  2.16673049e-01  2.22669091e-01  1.83135535e-01 -1.25460063e-01
  3.96687786e-01  1.33740640e-01  4.85951097e-01 -5.03358456e-02
  3.59135812e-02  3.06123578e-01  1.81504731e-01  2.83438687e-02
  6.82874153e-02  2.59142428e-01  7.52867436e-02 -3.14744715e-02
  2.08528488e-02  3.10223515e-01  2.08105482e-01 -8.13803228e-02
  5.62414608e-02 -8.97196568e-02 -1.24088966e-01  2.08629810e-01
  2.23691324e-02  2.53209780e-01 -3.63379772e-02 -1.71584051e-02
 -2.57354322e-02 -2.47985184e-02 -2.00540489e-01  2.48234863e-01
  1.42948207e-01 -4.05968221e-01  1.88151438e-01  1.12368116e-01
 -5.78144285e-02 -2.64509615e-01 -1.57228965e-01  3.45109951e-02
  8.57101438e-02  2.37572296e-01  2.34132970e-01 -4.30609019e-02
  6.48256089e-02 -2.63142111e-01 -1.09827926e-02  2.75831756e-03
  4.40377385e-02  7.91295386e-02 -9.93629093e-02 -5.83026072e-02
  1.47528391e-03  3.28161696e-01  1.45146893e-02 -1.14786050e-01
 -4.01258542e-02  2.13103202e-01  2.83892355e-01 -6.96407022e-02
  1.44869212e-01 -1.10720109e-01  2.88336143e-01  2.66766349e-01
 -3.82330264e-02  5.39923017e-02 -7.71473541e-02  3.37248191e-01
  3.89931886e-03  7.30597263e-03  1.45741013e-02  4.55813363e-02
  2.56612436e-02 -2.58595468e-01  2.93153445e-02  2.05765812e-01
  1.34741445e-01  1.59733694e-02 -2.87480950e-01 -3.90291492e-02
 -1.88493339e-01  6.73237427e-02  3.09566920e-02  8.92066843e-02
  9.82210702e-03 -5.83350846e-02 -1.08078448e-01 -3.68187935e-02
 -2.20631495e-02  9.13974740e-03  1.26500453e-01  1.07402060e-01
 -1.87399663e-01 -6.58984400e-02  1.53515396e-01 -2.72763253e-02
  9.90958570e-02]

AUC-ROC SCORE: 0.7519

BALANCED ACCURACY: 0.6610

ACCURACY: 0.6600

CLASSIFICATION REPORT:
              precision    recall  f1-score   support

           0       0.69      0.63      0.66       155
           1       0.64      0.69      0.66       145

    accuracy                           0.66       300
   macro avg       0.66      0.66      0.66       300
weighted avg       0.66      0.66      0.66       300


CONFUSION MATRIX:
98 57
45 100

==================================================
